========================================
x1: 0  x2: 2  kA: 0.1  maxI: 100000
---------------------------
mean: 0.000146646576821
std: 0.000126314166481
